.Random.seed <-
c(403L, 10L, -139584988L, 59933194L, 549034869L, -442073393L, 
1012240854L, -801079936L, 118977987L, -1231973535L, -1602606640L, 
198467886L, -946894631L, -2146860309L, 1525845850L, 536803612L, 
976179231L, -530318219L, 991668492L, 579675362L, -1493389891L, 
1532090935L, -54171426L, -339295208L, -1242145925L, 780487449L, 
-1318717528L, -1262528682L, 575803345L, -1411544189L, 1362193938L, 
-1586345564L, 253128039L, -924347715L, -1747807692L, 1619790234L, 
107673061L, 1643581823L, 545896710L, -322248048L, -1331453133L, 
-1076741935L, -1402750336L, -1025242274L, -861349719L, 836942683L, 
-2082002582L, 397810700L, 666500175L, 1726754053L, 501599676L, 
-1191647086L, -1500263539L, 1761569735L, 1757393070L, 207601928L, 
577855243L, 256633321L, -2083115336L, 1036269926L, -1859225087L, 
1271886995L, -1019326654L, -953827084L, -1520190217L, -1660144403L, 
-141179004L, 1691695530L, 1370578709L, 2020474287L, -1695464010L, 
279780320L, -48139485L, 190968897L, 304686896L, 1073988942L, 
-1446754375L, -681967157L, -620354950L, -1661065348L, 1175070655L, 
-1008324459L, -1818607956L, 1803652226L, -2141651875L, 666739543L, 
1895079486L, 1531335288L, -82591397L, 1513427129L, 1476051208L, 
2102465462L, -435171087L, 1275422499L, -1689362062L, 1896985540L, 
-609370233L, 853181789L, -1235616940L, 220053882L, -1992864571L, 
1578593823L, 1293937062L, 1674586928L, -1099339309L, -395243535L, 
267000096L, 1965492158L, 192825289L, -109885573L, 1086954826L, 
623557036L, -2005470033L, 410914405L, 628495900L, 1894271090L, 
-1274646803L, 846344999L, -363696306L, 445319080L, -1451068501L, 
1484812489L, 999618776L, 945587590L, -329581471L, 1320627699L, 
1451371618L, -61347116L, -1466598441L, 185356749L, 1435051364L, 
-470445750L, 524187829L, -1220587505L, -738801386L, -225725504L, 
333733763L, -307884639L, 83423632L, -2111497618L, 502488089L, 
1330897067L, 770761882L, 1852421212L, -436383393L, -490761419L, 
-1349978420L, 641664034L, -138045827L, -832566409L, 178259102L, 
-1277598888L, -1457502533L, 189114457L, -219603992L, 1718730262L, 
-1631059567L, -1849347517L, -1810321070L, -1809414684L, -2022847449L, 
493787261L, -295647884L, 1358637402L, -1687643L, 422354879L, 
-88837050L, 746959568L, -953164557L, -1237337583L, 1728584768L, 
-2085711842L, 357469929L, 522955803L, 1654744106L, -555665588L, 
1533578511L, 919269445L, -1363322372L, -496650158L, -1665138227L, 
143467399L, -1109735826L, -180763064L, 1925996619L, 1100802473L, 
-47692552L, 1044181030L, -1787330239L, 759103187L, 114550402L, 
1950608564L, 230298679L, -1140549843L, -309816252L, -1183983254L, 
-1112001067L, 521393007L, -1352971658L, 1572089248L, 1619696227L, 
-592114943L, 1113399920L, 539926030L, -699533703L, -56573429L, 
-720782534L, 1416962620L, -1818435201L, 911485653L, -1297831188L, 
-1006560190L, 1279128477L, 1741916695L, -1878143106L, -1515594440L, 
1406016027L, 518407033L, -44059192L, 854272502L, 724606001L, 
1028742755L, -1677663694L, 630304644L, -1356399161L, 1077007517L, 
1179915284L, -754879814L, -1954737403L, 2071916272L, 1044123836L, 
-1387949548L, -1971088190L, -1122945952L, -148013700L, -1035120432L, 
-1021819870L, 266362536L, 612402060L, 127569340L, -726205390L, 
-698833088L, 1917134004L, -461510840L, -1654551878L, -1815888112L, 
1105059052L, 1669940308L, 1548709650L, 1378039712L, -1209773108L, 
230929248L, 2061747394L, 1931941416L, -960768596L, -1335416004L, 
-556451982L, -1364109520L, -181955036L, -1836866504L, -501104422L, 
733746576L, 2074819324L, -268168300L, 1610602306L, -589963776L, 
-418740676L, 997345872L, -2071603550L, 1603519304L, -698174964L, 
356382940L, 2127739474L, 1080610944L, 1911868244L, -1585666584L, 
819707642L, -1243018416L, -2009191380L, 1417431412L, 2133522066L, 
-36286880L, 615261836L, -1360005280L, 241998562L, 984035496L, 
1675967692L, 457433596L, 496615346L, 1287956976L, -1010465340L, 
740416344L, -1388081286L, 1500222896L, 435164604L, -1901165484L, 
79382466L, 439232288L, 1768405948L, 1441453648L, 496986594L, 
-22473368L, 1333472588L, 1599542524L, -89875726L, 536060672L, 
-1944744332L, -229551096L, -745637446L, 1929016272L, 353789420L, 
650039188L, 905985746L, -1700279712L, 1962171724L, 1771348256L, 
978583170L, -734874136L, 1203958764L, 875452988L, 1309513330L, 
1157466992L, 865284388L, 1689068088L, 1054882202L, 741805520L, 
1036631484L, 830211220L, 294430850L, -1150919232L, 480747324L, 
2088374416L, -1556550878L, -109094392L, 804284684L, -811443812L, 
-406582766L, -1394507904L, 1678306068L, 1746522408L, 396269626L, 
-928736304L, 337129068L, 1119982132L, 1771079314L, 1042312544L, 
1673660748L, 1420575712L, 1064399266L, -1729635928L, 357930636L, 
1813482940L, 1176240754L, -562754576L, -2013302204L, 533508184L, 
2128544826L, -1491995536L, -1164659652L, -518965996L, -1755530558L, 
658642656L, -768070532L, -1539073328L, -1398552158L, -1117430744L, 
-982821108L, -1510466116L, 1538651954L, -1208680768L, 1849385012L, 
930135752L, -61609798L, 2008314512L, 935542508L, 503884372L, 
-315560302L, -1695478496L, -142768692L, 243195616L, 2027160770L, 
1978121256L, 391979948L, 95817404L, -787695630L, 801835568L, 
-1063779420L, 1372044728L, 386604890L, 1966686352L, 2131496828L, 
2098328852L, 102218050L, 166384896L, 2079314364L, 1418556752L, 
-1329495774L, -2083958200L, -131656692L, -526151076L, 1430083026L, 
-1015550464L, -754443948L, -347530008L, 454887674L, 300354256L, 
-343744724L, 1405482228L, 1402539410L, 1195802976L, -209170420L, 
-589424416L, 76023394L, 1973199016L, 647393356L, 621217660L, 
1808862514L, -290263440L, 477341508L, -87729192L, -1321613446L, 
855958576L, -89151556L, 1186392660L, 490645570L, 1049237152L, 
1312019132L, -210395184L, -850771614L, -238220568L, 337349836L, 
477141500L, -2123025934L, 1504708736L, 186940916L, 526027400L, 
616245050L, 1891520848L, -488837012L, -2049493612L, 1542128722L, 
1875710432L, -806174516L, -1548301664L, 1520470402L, 1806519528L, 
2042991340L, -1120007876L, 16458866L, 1188023920L, 1677215268L, 
459503672L, 664233242L, -161767216L, -1427219140L, 1796046740L, 
1043859885L, -573088230L, -675421992L, 1512009025L, -2117745165L, 
377037844L, -1045321310L, 429948599L, 2052020353L, -1691799418L, 
1483596996L, 525124085L, -1675289505L, -1358692680L, -1116328042L, 
887629219L, -704005787L, -1287294846L, 1929656816L, -1424674919L, 
1825573259L, 804721788L, 195493546L, -1304954657L, 1050807913L, 
832822398L, -978291604L, 1799611581L, -966984313L, 782031216L, 
-550855666L, 2075898171L, 1093631517L, -1565277494L, -1717326360L, 
-1735609647L, -1801523517L, 410043844L, 1761571442L, 1369230151L, 
582873873L, 161496726L, 1685763060L, -943047291L, 918081743L, 
-1675675192L, -2015340442L, -1946792301L, -918708747L, 163487698L, 
1145633824L, -90423799L, -1792014533L, -958805364L, -216674534L, 
-1177337457L, 1605172953L, -1467186834L, 1772571900L, -831093139L, 
177902103L, 78284768L, 2084389822L, 131801483L, 594842125L, -452825542L, 
-13670792L, -2112246239L, 16785619L, -1839611916L, 880482434L, 
-1669164777L, -612997151L, -918867674L, 1979322404L, 420475605L, 
1069710975L, 951185176L, -638788042L, 2072776899L, 1587432709L, 
-1370295134L, 1350699664L, -1499040199L, -1051973909L, -1366911012L, 
1376639498L, -485913345L, -1393022647L, -1105274146L, 466847884L, 
-207519651L, 1606020711L, -647651440L, 215511982L, -884704677L, 
1841477181L, -318863190L, 722393416L, -375403151L, -1188091165L, 
-1028980252L, 1053601042L, 1262944487L, -1104046415L, -775910154L, 
-1774792940L, 551929893L, -670159569L, -1601748248L, 1921040326L, 
-1996766605L, -316644139L, -2039945550L, 122699392L, -122141079L, 
703613659L, -240781780L, 172185146L, -653045521L, -1683334279L, 
-606439410L, 966352348L, -1958408627L, -157733449L, 933528384L, 
1276367390L, -2081229589L, -248349587L, 1944485082L, -2089319272L, 
983057153L, 1462462643L, 1426572244L, -2048155934L, 1247321975L, 
-2106760511L, 1071043142L, -460186236L, -2036317387L, -23027425L, 
-696399752L, 204215638L, 1288776675L, 150381989L, -899512254L, 
689423920L, 490126937L, -659556405L, 499312700L, 1406785130L, 
